System	Season	Month	Day	Year	Bee	Plant
BBG	dry	6	13	1995	203	146
BBG	dry	6	13	1995	354	87
BBG	dry	6	27	1995	203	146
BBG	dry	6	27	1995	209	146
BBG	dry	6	27	1995	210	127
BBG	dry	6	27	1995	210	146
BBG	dry	6	27	1995	232	146
BBG	dry	7	3	1995	191	56
BBG	dry	7	3	1995	362	56
BBG	dry	7	3	1995	362	56
BBG	dry	7	4	1995	350	42
BBG	dry	7	4	1995	350	60
BBG	dry	7	26	1995	232	66
BBG	dry	7	26	1995	232	66
BBG	dry	7	26	1995	232	84
BBG	dry	7	26	1995	378	55
BBG	dry	7	26	1995	378	55
BBG	dry	8	2	1995	216	66
BBG	dry	8	2	1995	216	67
BBG	dry	8	2	1995	216	67
BBG	dry	8	2	1995	216	67
BBG	dry	8	2	1995	217	66
BBG	dry	8	2	1995	217	66
BBG	dry	8	2	1995	217	66
BBG	dry	8	2	1995	255	67
BBG	dry	8	2	1995	324	67
BBG	dry	8	2	1995	378	67
BBG	dry	8	8	1995	199	95
BBG	dry	8	8	1995	216	84
BBG	dry	8	8	1995	216	173
BBG	dry	8	8	1995	216	173
BBG	dry	8	8	1995	216	173
BBG	dry	8	8	1995	217	173
BBG	dry	8	8	1995	232	84
BBG	dry	8	8	1995	288	95
BBG	dry	8	8	1995	350	173
BBG	dry	8	8	1995	350	173
BBG	dry	8	8	1995	351	173
BBG	dry	8	8	1995	378	56
BBG	dry	8	8	1995	378	56
BBG	dry	8	8	1995	378	56
BBG	dry	8	8	1995	378	56
BBG	dry	8	8	1995	378	56
BBG	dry	8	8	1995	378	137
BBG	dry	8	10	1995	216	149
BBG	dry	8	10	1995	364	12
BBG	dry	8	15	1995	189	96
BBG	dry	8	15	1995	214	156
BBG	dry	8	15	1995	216	154
BBG	dry	8	15	1995	217	42
BBG	dry	8	15	1995	242	96
BBG	dry	8	15	1995	289	157
BBG	dry	8	15	1995	303	96
BBG	dry	8	15	1995	303	157
BBG	dry	8	15	1995	303	157
BBG	dry	8	15	1995	303	157
BBG	dry	8	15	1995	303	157
BBG	dry	8	15	1995	340	157
BBG	dry	8	15	1995	341	96
BBG	dry	8	15	1995	350	96
BBG	dry	8	15	1995	350	96
BBG	dry	8	15	1995	350	96
BBG	dry	8	15	1995	350	96
BBG	dry	8	15	1995	350	96
BBG	dry	8	15	1995	354	96
BBG	dry	8	15	1995	364	42
BBG	dry	8	15	1995	364	42
BBG	dry	8	15	1995	379	96
BBG	dry	8	15	1995	380	157
BBG	dry	8	17	1995	378	12
BBG	dry	8	17	1995	378	12
BBG	dry	8	18	1995	216	149
BBG	dry	8	18	1995	216	157
BBG	dry	8	18	1995	217	149
BBG	dry	8	18	1995	217	157
BBG	dry	8	18	1995	288	157
BBG	dry	8	18	1995	303	157
BBG	dry	8	18	1995	341	150
BBG	dry	8	18	1995	362	149
BBG	dry	8	18	1995	364	157
BBG	dry	8	18	1995	368	42
BBG	dry	8	18	1995	378	157
BBG	dry	8	21	1995	216	157
BBG	dry	8	21	1995	216	157
BBG	dry	8	21	1995	216	157
BBG	dry	8	21	1995	289	157
BBG	dry	8	21	1995	289	157
BBG	dry	8	21	1995	289	157
BBG	dry	8	21	1995	341	157
BBG	dry	8	21	1995	343	118
BBG	dry	8	21	1995	362	149
BBG	dry	8	21	1995	364	12
BBG	dry	8	21	1995	378	157
BBG	dry	8	21	1995	378	157
BBG	dry	8	21	1995	378	157
BBG	dry	8	22	1995	242	97
BBG	dry	8	22	1995	288	97
BBG	dry	8	22	1995	387	97
BBG	dry	8	29	1995	217	149
BBG	dry	8	29	1995	351	149
BBG	dry	8	29	1995	351	149
BBG	dry	8	29	1995	351	149
BBG	dry	8	29	1995	351	149
BBG	dry	8	29	1995	351	149
BBG	dry	8	29	1995	351	149
BBG	dry	8	29	1995	351	149
BBG	dry	8	29	1995	362	149
BBG	dry	8	29	1995	362	149
BBG	dry	8	29	1995	364	89
BBG	dry	8	29	1995	364	89
BBG	dry	8	29	1995	379	12
BBG	dry	8	31	1995	209	149
BBG	dry	8	31	1995	216	149
BBG	dry	8	31	1995	217	149
BBG	dry	8	31	1995	350	101
BBG	dry	8	31	1995	362	101
BBG	dry	9	5	1995	216	3
BBG	dry	9	5	1995	216	3
BBG	dry	9	5	1995	216	3
BBG	dry	9	5	1995	216	120
BBG	dry	9	5	1995	217	3
BBG	dry	9	5	1995	217	84
BBG	dry	9	5	1995	224	3
BBG	dry	9	5	1995	353	3
BBG	dry	9	5	1995	362	23
BBG	dry	9	5	1995	362	23
BBG	dry	9	5	1995	362	23
BBG	dry	9	12	1995	216	89
BBG	dry	9	12	1995	216	122
BBG	dry	9	12	1995	216	149
BBG	dry	9	12	1995	216	149
BBG	dry	9	12	1995	217	122
BBG	dry	9	12	1995	281	3
BBG	dry	9	12	1995	289	122
BBG	dry	9	12	1995	289	122
BBG	dry	9	12	1995	341	150
BBG	dry	9	12	1995	350	12
BBG	dry	9	12	1995	350	12
BBG	dry	9	12	1995	350	12
BBG	dry	9	12	1995	378	39
BBG	dry	9	12	1995	378	39
BBG	dry	9	12	1995	378	149
BBG	dry	9	12	1995	378	149
BBG	dry	9	12	1995	379	12
BBG	dry	9	12	1995	379	12
BBG	dry	9	12	1995	379	12
BBG	dry	9	12	1995	379	12
BBG	dry	9	12	1995	387	3
BBG	dry	9	19	1995	196	46
BBG	dry	9	19	1995	196	120
BBG	dry	9	19	1995	214	120
BBG	dry	9	19	1995	214	120
BBG	dry	9	19	1995	216	120
BBG	dry	9	19	1995	217	120
BBG	dry	9	19	1995	236	122
BBG	dry	9	19	1995	292	120
BBG	dry	9	19	1995	293	122
BBG	dry	9	19	1995	344	157
BBG	dry	9	19	1995	350	12
BBG	dry	9	19	1995	350	74
BBG	dry	9	19	1995	351	120
BBG	dry	9	19	1995	351	120
BBG	dry	9	19	1995	351	120
BBG	dry	9	19	1995	385	1
BBG	dry	9	29	1995	229	80
BBG	dry	9	29	1995	229	80
BBG	dry	9	29	1995	231	150
BBG	dry	9	29	1995	362	160
BBG	dry	9	29	1995	378	39
BBG	dry	9	29	1995	378	39
BBG	wet	10	3	1995	203	1
BBG	wet	10	3	1995	216	140
BBG	wet	10	3	1995	216	140
BBG	wet	10	3	1995	216	140
BBG	wet	10	3	1995	217	140
BBG	wet	10	3	1995	217	140
BBG	wet	10	3	1995	276	140
BBG	wet	10	3	1995	296	140
BBG	wet	10	3	1995	350	29
BBG	wet	10	3	1995	350	140
BBG	wet	10	10	1995	216	119
BBG	wet	10	10	1995	216	140
BBG	wet	10	10	1995	216	140
BBG	wet	10	10	1995	216	153
BBG	wet	10	10	1995	216	158
BBG	wet	10	10	1995	217	150
BBG	wet	10	10	1995	217	153
BBG	wet	10	10	1995	217	158
BBG	wet	10	10	1995	217	158
BBG	wet	10	10	1995	217	158
BBG	wet	10	10	1995	335	80
BBG	wet	10	10	1995	335	80
BBG	wet	10	10	1995	335	80
BBG	wet	10	10	1995	341	97
BBG	wet	10	10	1995	341	97
BBG	wet	10	10	1995	341	150
BBG	wet	10	10	1995	341	150
BBG	wet	10	10	1995	378	39
BBG	wet	10	10	1995	378	79
BBG	wet	10	10	1995	380	97
BBG	wet	10	10	1995	380	97
BBG	wet	10	17	1995	222	29
BBG	wet	10	17	1995	284	97
BBG	wet	10	17	1995	350	97
BBG	wet	10	17	1995	378	97
BBG	wet	10	17	1995	378	120
BBG	wet	10	24	1995	216	108
BBG	wet	10	24	1995	216	158
BBG	wet	10	24	1995	216	158
BBG	wet	10	24	1995	216	158
BBG	wet	10	24	1995	238	31
BBG	wet	10	24	1995	273	31
BBG	wet	10	24	1995	277	97
BBG	wet	10	24	1995	324	153
BBG	wet	10	24	1995	341	97
BBG	wet	10	24	1995	344	31
BBG	wet	10	24	1995	344	158
BBG	wet	10	24	1995	350	97
BBG	wet	10	24	1995	378	108
BBG	wet	10	24	1995	378	108
BBG	wet	10	24	1995	378	108
BBG	wet	10	24	1995	378	108
BBG	wet	10	24	1995	378	108
BBG	wet	10	24	1995	378	121
BBG	wet	10	24	1995	378	121
BBG	wet	10	31	1995	216	35
BBG	wet	10	31	1995	216	35
BBG	wet	10	31	1995	216	35
BBG	wet	10	31	1995	216	35
BBG	wet	10	31	1995	216	35
BBG	wet	10	31	1995	216	35
BBG	wet	10	31	1995	216	35
BBG	wet	10	31	1995	216	73
BBG	wet	10	31	1995	216	74
BBG	wet	10	31	1995	216	121
BBG	wet	10	31	1995	216	121
BBG	wet	10	31	1995	216	121
BBG	wet	10	31	1995	217	35
BBG	wet	10	31	1995	290	121
BBG	wet	10	31	1995	296	121
BBG	wet	10	31	1995	341	97
BBG	wet	10	31	1995	350	74
BBG	wet	10	31	1995	350	97
BBG	wet	10	31	1995	351	74
BBG	wet	10	31	1995	378	152
BBG	wet	11	7	1995	216	151
BBG	wet	11	7	1995	217	151
BBG	wet	11	7	1995	279	31
BBG	wet	11	23	1995	278	31
BBG	wet	11	23	1995	279	31
BBG	wet	11	23	1995	344	31
BBG	wet	11	23	1995	344	31
BBG	wet	11	23	1995	355	150
BBG	wet	12	5	1995	290	58
BBG	wet	12	5	1995	294	181
BBG	wet	12	5	1995	301	181
BBG	wet	12	5	1995	348	98
BBG	wet	12	5	1995	351	181
BBG	wet	12	5	1995	351	181
BBG	wet	12	5	1995	351	181
BBG	wet	12	5	1995	362	181
BBG	wet	12	5	1995	362	181
BBG	wet	12	5	1995	362	181
BBG	wet	12	5	1995	362	181
BBG	wet	12	5	1995	362	181
BBG	wet	12	5	1995	362	181
BBG	wet	12	5	1995	362	181
BBG	wet	12	5	1995	362	181
BBG	wet	12	5	1995	378	58
BBG	wet	12	5	1995	378	58
BBG	wet	12	5	1995	378	58
BBG	wet	12	19	1995	355	150
BBG	wet	1	9	1996	216	133
BBG	wet	1	9	1996	296	150
BBG	wet	1	9	1996	296	150
BBG	wet	1	9	1996	341	150
BBG	wet	1	25	1996	190	150
BBG	wet	1	25	1996	355	150
BBG	wet	1	30	1996	341	150
BBG	wet	2	6	1996	183	61
BBG	wet	2	6	1996	216	59
BBG	wet	2	6	1996	216	59
BBG	wet	2	6	1996	258	113
BBG	wet	2	6	1996	291	124
BBG	wet	2	6	1996	378	59
BBG	wet	2	6	1996	378	59
BBG	wet	2	6	1996	378	106
BBG	wet	2	6	1996	380	49
BBG	wet	2	13	1996	221	130
BBG	wet	2	13	1996	288	130
BBG	wet	2	28	1996	185	86
BBG	wet	2	28	1996	185	86
BBG	wet	2	28	1996	203	59
BBG	wet	2	28	1996	212	40
BBG	wet	2	28	1996	214	43
BBG	wet	2	28	1996	214	61
BBG	wet	2	28	1996	214	62
BBG	wet	2	28	1996	228	13
BBG	wet	2	28	1996	262	86
BBG	wet	2	28	1996	312	169
BBG	wet	2	28	1996	313	59
BBG	wet	2	28	1996	338	86
BBG	wet	2	28	1996	339	106
BBG	wet	2	28	1996	361	86
BBG	wet	2	28	1996	371	86
BBG	wet	2	28	1996	378	43
BBG	wet	2	28	1996	386	106
BBG	wet	3	6	1996	271	150
BBG	wet	3	19	1996	187	85
BBG	wet	3	19	1996	190	43
BBG	wet	3	19	1996	203	43
BBG	wet	3	19	1996	203	172
BBG	wet	3	19	1996	214	43
BBG	wet	3	19	1996	214	43
BBG	wet	3	19	1996	214	43
BBG	wet	3	19	1996	223	172
BBG	wet	3	19	1996	245	172
BBG	wet	3	19	1996	268	172
BBG	wet	3	19	1996	289	172
BBG	wet	3	19	1996	290	172
BBG	wet	3	19	1996	291	59
BBG	wet	3	19	1996	295	43
BBG	wet	3	19	1996	295	172
BBG	wet	3	19	1996	296	172
BBG	wet	3	19	1996	308	172
BBG	wet	3	19	1996	312	172
BBG	wet	3	19	1996	317	43
BBG	wet	3	19	1996	320	172
BBG	wet	3	19	1996	322	59
BBG	wet	3	19	1996	322	172
BBG	wet	3	19	1996	322	172
BBG	wet	3	19	1996	333	172
BBG	wet	3	19	1996	341	2
BBG	wet	3	19	1996	350	43
BBG	wet	3	19	1996	350	43
BBG	wet	3	19	1996	350	43
BBG	wet	3	19	1996	378	43
BBG	wet	3	19	1996	378	43
BBG	wet	3	19	1996	378	43
BBG	wet	3	26	1996	221	162
BBG	wet	3	26	1996	225	150
BBG	wet	3	26	1996	279	150
BBG	wet	3	26	1996	279	150
BBG	wet	3	26	1996	283	148
BBG	wet	3	26	1996	287	162
BBG	wet	3	26	1996	348	21
BBG	wet	3	26	1996	364	81
BBG	dry	4	3	1996	203	172
BBG	dry	4	3	1996	211	59
BBG	dry	4	3	1996	216	16
BBG	dry	4	3	1996	225	16
BBG	dry	4	3	1996	231	16
BBG	dry	4	3	1996	233	16
BBG	dry	4	3	1996	247	148
BBG	dry	4	3	1996	247	172
BBG	dry	4	3	1996	247	172
BBG	dry	4	3	1996	247	172
BBG	dry	4	3	1996	248	172
BBG	dry	4	3	1996	291	172
BBG	dry	4	3	1996	322	172
BBG	dry	4	3	1996	333	172
BBG	dry	4	3	1996	350	43
BBG	dry	4	3	1996	350	172
BBG	dry	4	3	1996	350	172
BBG	dry	4	3	1996	350	172
BBG	dry	4	3	1996	350	172
BBG	dry	4	3	1996	350	172
BBG	dry	4	3	1996	378	43
BBG	dry	4	3	1996	378	43
BBG	dry	4	3	1996	378	43
BBG	dry	4	3	1996	378	43
BBG	dry	4	3	1996	378	43
BBG	dry	4	9	1996	194	162
BBG	dry	4	9	1996	222	18
BBG	dry	4	9	1996	244	18
BBG	dry	4	9	1996	272	150
BBG	dry	4	9	1996	273	150
BBG	dry	4	9	1996	279	150
BBG	dry	4	9	1996	279	150
BBG	dry	4	9	1996	279	150
BBG	dry	4	9	1996	312	175
BBG	dry	4	9	1996	317	175
BBG	dry	4	9	1996	317	175
BBG	dry	4	9	1996	327	83
BBG	dry	4	9	1996	333	16
BBG	dry	4	9	1996	341	150
BBG	dry	4	9	1996	341	162
BBG	dry	4	9	1996	341	162
BBG	dry	4	9	1996	350	175
BBG	dry	4	9	1996	355	162
BBG	dry	4	9	1996	382	162
BBG	dry	4	9	1996	387	162
BBG	dry	4	9	1996	387	162
BBG	dry	4	16	1996	214	87
BBG	dry	4	16	1996	214	172
BBG	dry	4	16	1996	214	172
BBG	dry	4	16	1996	284	59
BBG	dry	4	16	1996	290	168
BBG	dry	4	16	1996	291	167
BBG	dry	4	16	1996	319	87
BBG	dry	4	16	1996	321	87
BBG	dry	4	16	1996	350	24
BBG	dry	4	16	1996	350	172
BBG	dry	4	16	1996	350	175
BBG	dry	4	16	1996	350	175
BBG	dry	4	16	1996	367	128
BBG	dry	4	16	1996	378	167
BBG	dry	4	16	1996	378	167
BBG	dry	4	16	1996	378	167
BBG	dry	4	16	1996	378	167
BBG	dry	4	16	1996	378	167
BBG	dry	4	16	1996	378	172
BBG	dry	4	23	1996	184	168
BBG	dry	4	23	1996	184	175
BBG	dry	4	23	1996	216	168
BBG	dry	4	23	1996	216	168
BBG	dry	4	23	1996	217	168
BBG	dry	4	23	1996	225	18
BBG	dry	4	23	1996	231	162
BBG	dry	4	23	1996	248	168
BBG	dry	4	23	1996	279	150
BBG	dry	4	23	1996	289	168
BBG	dry	4	23	1996	289	175
BBG	dry	4	23	1996	290	168
BBG	dry	4	23	1996	298	168
BBG	dry	4	23	1996	298	175
BBG	dry	4	23	1996	298	175
BBG	dry	4	23	1996	300	168
BBG	dry	4	23	1996	300	168
BBG	dry	4	23	1996	300	168
BBG	dry	4	23	1996	312	168
BBG	dry	4	23	1996	312	175
BBG	dry	4	23	1996	317	175
BBG	dry	4	23	1996	325	168
BBG	dry	4	23	1996	325	175
BBG	dry	4	23	1996	325	175
BBG	dry	4	23	1996	325	175
BBG	dry	4	23	1996	325	175
BBG	dry	4	23	1996	325	175
BBG	dry	4	23	1996	325	175
BBG	dry	4	23	1996	325	175
BBG	dry	4	23	1996	341	168
BBG	dry	4	23	1996	350	175
BBG	dry	4	23	1996	350	175
BBG	dry	4	23	1996	350	175
BBG	dry	4	23	1996	351	175
BBG	dry	4	23	1996	351	175
BBG	dry	4	23	1996	378	152
BBG	dry	4	23	1996	378	152
BBG	dry	4	24	1996	194	162
BBG	dry	4	24	1996	225	150
BBG	dry	4	24	1996	225	175
BBG	dry	4	24	1996	226	175
BBG	dry	4	24	1996	229	162
BBG	dry	4	24	1996	298	168
BBG	dry	4	24	1996	341	150
BBG	dry	4	24	1996	350	175
BBG	dry	4	24	1996	364	175
BBG	dry	4	24	1996	378	162
BBG	dry	4	24	1996	378	162
BBG	dry	4	24	1996	378	162
BBG	dry	4	24	1996	378	162
BBG	dry	5	7	1996	184	168
BBG	dry	5	7	1996	203	87
BBG	dry	5	7	1996	250	168
BBG	dry	5	7	1996	254	172
BBG	dry	5	7	1996	279	87
BBG	dry	5	7	1996	279	87
BBG	dry	5	7	1996	279	172
BBG	dry	5	7	1996	289	172
BBG	dry	5	7	1996	298	168
BBG	dry	5	7	1996	298	168
BBG	dry	5	7	1996	298	168
BBG	dry	5	7	1996	298	172
BBG	dry	5	7	1996	298	172
BBG	dry	5	7	1996	314	175
BBG	dry	5	7	1996	317	168
BBG	dry	5	7	1996	320	168
BBG	dry	5	7	1996	350	172
BBG	dry	5	7	1996	350	175
BBG	dry	5	7	1996	351	172
BBG	dry	5	7	1996	351	172
BBG	dry	5	7	1996	364	127
BBG	dry	5	7	1996	378	82
BBG	dry	5	7	1996	385	6
BBG	dry	5	8	1996	225	82
BBG	dry	5	8	1996	249	168
BBG	dry	5	8	1996	333	168
BBG	dry	5	14	1996	221	168
BBG	dry	5	14	1996	233	42
BBG	dry	5	14	1996	252	168
BBG	dry	5	14	1996	305	168
BBG	dry	5	14	1996	317	168
BBG	dry	5	14	1996	333	168
BBG	dry	5	14	1996	333	168
BBG	dry	5	14	1996	350	168
BBG	dry	5	14	1996	350	168
BBG	dry	5	14	1996	364	168
BBG	dry	5	14	1996	364	168
BBG	dry	5	14	1996	364	168
BBG	dry	5	14	1996	364	168
BBG	dry	5	14	1996	364	177
BBG	dry	5	14	1996	374	168
BBG	dry	5	14	1996	378	154
BBG	dry	5	16	1996	199	42
BBG	dry	5	16	1996	216	87
BBG	dry	5	16	1996	225	150
BBG	dry	5	16	1996	290	168
BBG	dry	5	16	1996	298	168
BBG	dry	5	16	1996	326	168
BBG	dry	5	16	1996	333	168
BBG	dry	5	21	1996	194	25
BBG	dry	5	21	1996	195	168
BBG	dry	5	21	1996	216	25
BBG	dry	5	21	1996	216	154
BBG	dry	5	21	1996	221	16
BBG	dry	5	21	1996	221	127
BBG	dry	5	21	1996	225	17
BBG	dry	5	21	1996	226	87
BBG	dry	5	21	1996	250	55
BBG	dry	5	21	1996	279	87
BBG	dry	5	21	1996	279	87
BBG	dry	5	21	1996	279	150
BBG	dry	5	21	1996	289	87
BBG	dry	5	21	1996	290	168
BBG	dry	5	21	1996	305	92
BBG	dry	5	21	1996	312	175
BBG	dry	5	21	1996	317	154
BBG	dry	5	21	1996	320	175
BBG	dry	5	21	1996	326	168
BBG	dry	5	21	1996	333	16
BBG	dry	5	21	1996	333	87
BBG	dry	5	21	1996	333	127
BBG	dry	5	21	1996	333	127
BBG	dry	5	21	1996	341	154
BBG	dry	5	21	1996	348	25
BBG	dry	5	21	1996	348	87
BBG	dry	5	21	1996	350	6
BBG	dry	5	21	1996	350	175
BBG	dry	5	21	1996	350	175
BBG	dry	5	21	1996	356	150
BBG	dry	5	21	1996	362	175
BBG	dry	5	21	1996	364	16
BBG	dry	5	21	1996	371	43
BBG	dry	5	21	1996	378	36
BBG	dry	5	21	1996	378	36
BBG	dry	5	21	1996	378	130
BBG	dry	5	21	1996	378	130
BBG	dry	5	21	1996	382	154
BBG	dry	5	21	1996	386	25
BBG	dry	5	21	1996	386	43
BBG	dry	5	21	1996	386	87
BBG	dry	5	28	1996	185	168
BBG	dry	5	28	1996	215	106
BBG	dry	5	28	1996	216	42
BBG	dry	5	28	1996	216	87
BBG	dry	5	28	1996	217	150
BBG	dry	5	28	1996	233	87
BBG	dry	5	28	1996	239	168
BBG	dry	5	28	1996	249	168
BBG	dry	5	28	1996	281	168
BBG	dry	5	28	1996	281	168
BBG	dry	5	28	1996	289	56
BBG	dry	5	28	1996	293	168
BBG	dry	5	28	1996	298	168
BBG	dry	5	28	1996	298	168
BBG	dry	5	28	1996	298	168
BBG	dry	5	28	1996	298	168
BBG	dry	5	28	1996	298	168
BBG	dry	5	28	1996	298	168
BBG	dry	5	28	1996	304	168
BBG	dry	5	28	1996	317	168
BBG	dry	5	28	1996	320	175
BBG	dry	5	28	1996	322	168
BBG	dry	5	28	1996	325	175
BBG	dry	5	28	1996	326	168
BBG	dry	5	28	1996	326	168
BBG	dry	5	28	1996	326	168
BBG	dry	5	28	1996	326	168
BBG	dry	5	28	1996	326	168
BBG	dry	5	28	1996	333	168
BBG	dry	5	28	1996	341	150
BBG	dry	5	28	1996	344	168
BBG	dry	5	28	1996	350	56
BBG	dry	5	28	1996	359	83
BBG	dry	5	28	1996	362	56
BBG	dry	5	28	1996	362	56
BBG	dry	5	28	1996	362	56
BBG	dry	5	28	1996	364	83
BBG	dry	5	28	1996	364	83
BBG	dry	5	28	1996	364	87
BBG	dry	5	28	1996	364	176
BBG	dry	5	28	1996	378	35
BBG	dry	5	28	1996	378	56
BBG	dry	5	28	1996	378	56
BBG	dry	5	28	1996	378	150
BBG	dry	6	4	1996	203	87
BBG	dry	6	4	1996	216	25
BBG	dry	6	4	1996	226	87
BBG	dry	6	4	1996	228	87
BBG	dry	6	4	1996	228	130
BBG	dry	6	4	1996	248	55
BBG	dry	6	4	1996	263	24
BBG	dry	6	4	1996	268	87
BBG	dry	6	4	1996	289	52
BBG	dry	6	4	1996	289	52
BBG	dry	6	4	1996	291	52
BBG	dry	6	4	1996	291	59
BBG	dry	6	4	1996	291	87
BBG	dry	6	4	1996	293	52
BBG	dry	6	4	1996	328	55
BBG	dry	6	4	1996	333	87
BBG	dry	6	4	1996	333	127
BBG	dry	6	4	1996	341	136
BBG	dry	6	4	1996	341	154
BBG	dry	6	4	1996	341	154
BBG	dry	6	4	1996	341	154
BBG	dry	6	4	1996	350	16
BBG	dry	6	4	1996	350	63
BBG	dry	6	4	1996	350	63
BBG	dry	6	4	1996	350	63
BBG	dry	6	4	1996	350	65
BBG	dry	6	4	1996	350	65
BBG	dry	6	4	1996	350	102
BBG	dry	6	4	1996	351	152
BBG	dry	6	4	1996	362	11
BBG	dry	6	4	1996	362	11
BBG	dry	6	4	1996	362	11
BBG	dry	6	4	1996	364	55
BBG	dry	6	4	1996	364	63
BBG	dry	6	4	1996	376	72
BBG	dry	6	4	1996	378	11
BBG	dry	6	4	1996	378	36
BBG	dry	6	4	1996	378	36
BBG	dry	6	4	1996	378	72
BBG	dry	6	4	1996	378	72
BBG	dry	6	4	1996	378	72
BBG	dry	6	4	1996	378	72
BBG	dry	6	4	1996	378	72
BBG	dry	6	4	1996	378	72
BBG	dry	6	4	1996	378	72
BBG	dry	6	4	1996	378	72
BBG	dry	6	4	1996	378	72
BBG	dry	6	4	1996	378	72
BBG	dry	6	4	1996	378	72
BBG	dry	6	4	1996	378	72
BBG	dry	6	4	1996	378	154
BBG	dry	6	4	1996	386	25
BBG	dry	6	11	1996	216	154
BBG	dry	6	11	1996	289	168
BBG	dry	6	11	1996	298	168
BBG	dry	6	11	1996	305	83
BBG	dry	6	11	1996	325	136
BBG	dry	6	11	1996	350	127
BBG	dry	6	11	1996	364	127
BBG	dry	6	11	1996	378	168
BBG	dry	6	14	1996	216	154
BBG	dry	6	14	1996	281	168
BBG	dry	6	14	1996	298	148
BBG	dry	6	14	1996	321	168
BBG	dry	6	14	1996	326	168
BBG	dry	6	14	1996	326	168
BBG	dry	6	14	1996	326	168
BBG	dry	6	14	1996	364	83
BBG	dry	6	14	1996	364	148
BBG	dry	6	14	1996	364	148
BBG	dry	6	18	1996	216	66
BBG	dry	6	18	1996	216	66
BBG	dry	6	18	1996	216	66
BBG	dry	6	18	1996	216	154
BBG	dry	6	18	1996	217	66
BBG	dry	6	18	1996	217	66
BBG	dry	6	18	1996	217	66
BBG	dry	6	18	1996	217	154
BBG	dry	6	18	1996	248	66
BBG	dry	6	18	1996	263	66
BBG	dry	6	18	1996	291	168
BBG	dry	6	18	1996	298	66
BBG	dry	6	18	1996	298	66
BBG	dry	6	18	1996	325	10
BBG	dry	6	18	1996	325	10
BBG	dry	6	18	1996	325	65
BBG	dry	6	18	1996	333	127
BBG	dry	6	18	1996	350	10
BBG	dry	6	18	1996	350	56
BBG	dry	6	18	1996	350	65
BBG	dry	6	18	1996	350	66
BBG	dry	6	18	1996	350	66
BBG	dry	6	18	1996	350	66
BBG	dry	6	18	1996	351	168
BBG	dry	6	18	1996	357	168
BBG	dry	6	18	1996	361	25
BBG	dry	6	18	1996	362	10
BBG	dry	6	18	1996	362	10
BBG	dry	6	18	1996	362	56
BBG	dry	6	18	1996	364	56
BBG	dry	6	18	1996	378	10
BBG	dry	6	18	1996	378	36
BBG	dry	6	18	1996	378	56
BBG	dry	6	18	1996	378	56
BBG	dry	6	18	1996	378	56
BBG	dry	6	18	1996	378	137
BBG	dry	6	18	1996	378	154
BBG	dry	6	18	1996	378	168
BBG	dry	6	18	1996	380	154
BBG	dry	6	25	1996	217	36
BBG	dry	6	25	1996	217	150
BBG	dry	6	25	1996	217	154
BBG	dry	6	25	1996	248	87
BBG	dry	6	25	1996	250	55
BBG	dry	6	25	1996	250	171
BBG	dry	6	25	1996	250	171
BBG	dry	6	25	1996	298	137
BBG	dry	6	25	1996	298	171
BBG	dry	6	25	1996	298	171
BBG	dry	6	25	1996	317	168
BBG	dry	6	25	1996	325	65
BBG	dry	6	25	1996	326	168
BBG	dry	6	25	1996	329	83
BBG	dry	6	25	1996	350	10
BBG	dry	6	25	1996	350	10
BBG	dry	6	25	1996	350	100
BBG	dry	6	25	1996	350	127
BBG	dry	6	25	1996	350	127
BBG	dry	6	25	1996	351	10
BBG	dry	6	25	1996	351	10
BBG	dry	6	25	1996	351	10
BBG	dry	6	25	1996	351	10
BBG	dry	6	25	1996	351	56
BBG	dry	6	25	1996	362	10
BBG	dry	6	25	1996	362	10
BBG	dry	6	25	1996	362	10
BBG	dry	6	25	1996	362	56
BBG	dry	6	25	1996	362	56
BBG	dry	6	25	1996	362	56
BBG	dry	6	25	1996	364	83
BBG	dry	6	25	1996	364	87
BBG	dry	6	25	1996	364	87
BBG	dry	6	25	1996	364	137
BBG	dry	6	25	1996	378	56
BBG	dry	6	25	1996	378	56
BBG	dry	6	25	1996	378	56
BBG	dry	6	25	1996	378	56
BBG	dry	6	25	1996	378	137
BBG	dry	6	25	1996	378	137
BBG	dry	6	25	1996	378	137
BBG	dry	6	25	1996	378	137
BBG	dry	6	25	1996	378	137
BBG	dry	6	25	1996	378	137
BBG	dry	6	25	1996	386	87
BBG	dry	6	27	1996	184	137
BBG	dry	6	27	1996	194	102
BBG	dry	6	27	1996	194	168
BBG	dry	6	27	1996	194	168
BBG	dry	6	27	1996	216	87
BBG	dry	6	27	1996	216	102
BBG	dry	6	27	1996	216	102
BBG	dry	6	27	1996	216	102
BBG	dry	6	27	1996	216	102
BBG	dry	6	27	1996	217	102
BBG	dry	6	27	1996	217	102
BBG	dry	6	27	1996	219	72
BBG	dry	6	27	1996	223	102
BBG	dry	6	27	1996	229	102
BBG	dry	6	27	1996	229	102
BBG	dry	6	27	1996	237	102
BBG	dry	6	27	1996	239	102
BBG	dry	6	27	1996	239	102
BBG	dry	6	27	1996	239	102
BBG	dry	6	27	1996	239	102
BBG	dry	6	27	1996	248	171
BBG	dry	6	27	1996	254	168
BBG	dry	6	27	1996	257	149
BBG	dry	6	27	1996	260	102
BBG	dry	6	27	1996	264	171
BBG	dry	6	27	1996	269	168
BBG	dry	6	27	1996	281	168
BBG	dry	6	27	1996	296	72
BBG	dry	6	27	1996	298	168
BBG	dry	6	27	1996	322	168
BBG	dry	6	27	1996	322	168
BBG	dry	6	27	1996	326	168
BBG	dry	6	27	1996	326	168
BBG	dry	6	27	1996	326	168
BBG	dry	6	27	1996	330	168
BBG	dry	6	27	1996	332	102
BBG	dry	6	27	1996	332	102
BBG	dry	6	27	1996	332	102
BBG	dry	6	27	1996	358	148
BBG	dry	6	27	1996	364	65
BBG	dry	6	27	1996	364	83
BBG	dry	6	27	1996	364	148
BBG	dry	6	27	1996	375	36
BBG	dry	6	27	1996	378	36
BBG	dry	6	27	1996	378	36
BBG	dry	6	27	1996	378	36
BBG	dry	6	27	1996	378	56
BBG	dry	6	27	1996	378	100
BBG	dry	6	27	1996	378	168
BBG	dry	7	2	1996	184	65
BBG	dry	7	2	1996	185	102
BBG	dry	7	2	1996	185	168
BBG	dry	7	2	1996	216	102
BBG	dry	7	2	1996	216	102
BBG	dry	7	2	1996	216	102
BBG	dry	7	2	1996	216	102
BBG	dry	7	2	1996	216	102
BBG	dry	7	2	1996	216	102
BBG	dry	7	2	1996	216	102
BBG	dry	7	2	1996	216	102
BBG	dry	7	2	1996	216	102
BBG	dry	7	2	1996	216	102
BBG	dry	7	2	1996	216	102
BBG	dry	7	2	1996	216	102
BBG	dry	7	2	1996	216	102
BBG	dry	7	2	1996	216	168
BBG	dry	7	2	1996	216	168
BBG	dry	7	2	1996	216	175
BBG	dry	7	2	1996	217	102
BBG	dry	7	2	1996	217	102
BBG	dry	7	2	1996	217	102
BBG	dry	7	2	1996	217	102
BBG	dry	7	2	1996	217	102
BBG	dry	7	2	1996	217	102
BBG	dry	7	2	1996	217	102
BBG	dry	7	2	1996	217	102
BBG	dry	7	2	1996	217	102
BBG	dry	7	2	1996	217	102
BBG	dry	7	2	1996	217	102
BBG	dry	7	2	1996	223	102
BBG	dry	7	2	1996	229	102
BBG	dry	7	2	1996	229	102
BBG	dry	7	2	1996	239	102
BBG	dry	7	2	1996	239	102
BBG	dry	7	2	1996	248	102
BBG	dry	7	2	1996	249	102
BBG	dry	7	2	1996	249	102
BBG	dry	7	2	1996	250	102
BBG	dry	7	2	1996	289	175
BBG	dry	7	2	1996	295	102
BBG	dry	7	2	1996	298	102
BBG	dry	7	2	1996	298	168
BBG	dry	7	2	1996	326	168
BBG	dry	7	2	1996	326	168
BBG	dry	7	2	1996	326	168
BBG	dry	7	2	1996	350	102
BBG	dry	7	2	1996	350	102
BBG	dry	7	2	1996	362	56
BBG	dry	7	2	1996	364	127
BBG	dry	7	2	1996	364	127
BBG	dry	7	2	1996	364	175
BBG	dry	7	2	1996	376	127
BBG	dry	7	9	1996	185	87
BBG	dry	7	9	1996	199	154
BBG	dry	7	9	1996	214	65
BBG	dry	7	9	1996	216	65
BBG	dry	7	9	1996	216	66
BBG	dry	7	9	1996	216	66
BBG	dry	7	9	1996	216	66
BBG	dry	7	9	1996	216	66
BBG	dry	7	9	1996	216	66
BBG	dry	7	9	1996	216	66
BBG	dry	7	9	1996	216	102
BBG	dry	7	9	1996	217	66
BBG	dry	7	9	1996	217	66
BBG	dry	7	9	1996	217	66
BBG	dry	7	9	1996	217	66
BBG	dry	7	9	1996	217	66
BBG	dry	7	9	1996	217	66
BBG	dry	7	9	1996	217	87
BBG	dry	7	9	1996	217	87
BBG	dry	7	9	1996	217	102
BBG	dry	7	9	1996	217	102
BBG	dry	7	9	1996	217	102
BBG	dry	7	9	1996	217	102
BBG	dry	7	9	1996	217	102
BBG	dry	7	9	1996	217	102
BBG	dry	7	9	1996	217	102
BBG	dry	7	9	1996	217	102
BBG	dry	7	9	1996	217	102
BBG	dry	7	9	1996	217	102
BBG	dry	7	9	1996	217	102
BBG	dry	7	9	1996	217	102
BBG	dry	7	9	1996	217	102
BBG	dry	7	9	1996	224	102
BBG	dry	7	9	1996	223	66
BBG	dry	7	9	1996	223	66
BBG	dry	7	9	1996	229	102
BBG	dry	7	9	1996	237	102
BBG	dry	7	9	1996	237	102
BBG	dry	7	9	1996	237	102
BBG	dry	7	9	1996	238	102
BBG	dry	7	9	1996	239	102
BBG	dry	7	9	1996	239	102
BBG	dry	7	9	1996	248	146
BBG	dry	7	9	1996	250	146
BBG	dry	7	9	1996	250	146
BBG	dry	7	9	1996	291	65
BBG	dry	7	9	1996	295	102
BBG	dry	7	9	1996	296	102
BBG	dry	7	9	1996	296	102
BBG	dry	7	9	1996	296	102
BBG	dry	7	9	1996	296	102
BBG	dry	7	9	1996	296	154
BBG	dry	7	9	1996	350	66
BBG	dry	7	9	1996	350	127
BBG	dry	7	9	1996	350	127
BBG	dry	7	9	1996	351	65
BBG	dry	7	9	1996	351	66
BBG	dry	7	9	1996	378	36
BBG	dry	7	9	1996	378	47
BBG	dry	7	9	1996	378	47
BBG	dry	7	9	1996	378	100
BBG	dry	7	9	1996	378	154
BBG	dry	7	9	1996	381	65
BBG	dry	7	9	1996	385	102
BBG	dry	7	9	1996	386	65
BBG	dry	7	9	1996	386	66
BBG	dry	7	16	1996	216	5
BBG	dry	7	16	1996	216	102
BBG	dry	7	16	1996	217	102
BBG	dry	7	16	1996	217	102
BBG	dry	7	16	1996	217	102
BBG	dry	7	16	1996	217	102
BBG	dry	7	16	1996	223	102
BBG	dry	7	16	1996	229	102
BBG	dry	7	16	1996	229	102
BBG	dry	7	16	1996	229	102
BBG	dry	7	16	1996	239	102
BBG	dry	7	16	1996	239	102
BBG	dry	7	16	1996	240	102
BBG	dry	7	16	1996	248	102
BBG	dry	7	16	1996	248	102
BBG	dry	7	16	1996	248	102
BBG	dry	7	16	1996	248	102
BBG	dry	7	16	1996	249	102
BBG	dry	7	16	1996	249	102
BBG	dry	7	16	1996	249	102
BBG	dry	7	16	1996	249	102
BBG	dry	7	16	1996	252	102
BBG	dry	7	16	1996	266	102
BBG	dry	7	16	1996	282	102
BBG	dry	7	16	1996	296	102
BBG	dry	7	16	1996	317	110
BBG	dry	7	16	1996	350	102
BBG	dry	7	23	1996	194	66
BBG	dry	7	23	1996	216	102
BBG	dry	7	23	1996	216	102
BBG	dry	7	23	1996	217	102
BBG	dry	7	23	1996	217	102
BBG	dry	7	23	1996	217	102
BBG	dry	7	23	1996	217	102
BBG	dry	7	23	1996	217	102
BBG	dry	7	23	1996	229	102
BBG	dry	7	23	1996	229	102
BBG	dry	7	23	1996	229	102
BBG	dry	7	23	1996	229	102
BBG	dry	7	23	1996	229	102
BBG	dry	7	23	1996	237	102
BBG	dry	7	23	1996	237	102
BBG	dry	7	23	1996	237	102
BBG	dry	7	23	1996	237	102
BBG	dry	7	23	1996	249	102
BBG	dry	7	23	1996	250	102
BBG	dry	7	23	1996	252	66
BBG	dry	7	23	1996	287	122
BBG	dry	7	23	1996	296	102
BBG	dry	7	23	1996	296	102
BBG	dry	7	23	1996	296	102
BBG	dry	7	23	1996	316	102
BBG	dry	7	23	1996	325	169
BBG	dry	7	23	1996	364	42
BBG	dry	7	23	1996	364	59
BBG	dry	7	23	1996	375	122
BBG	dry	7	23	1996	378	137
BBG	dry	7	23	1996	386	122
BBG	dry	7	30	1996	195	102
BBG	dry	7	30	1996	195	149
BBG	dry	7	30	1996	198	102
BBG	dry	7	30	1996	209	85
BBG	dry	7	30	1996	216	149
BBG	dry	7	30	1996	289	149
BBG	dry	7	30	1996	364	65
BBG	dry	7	30	1996	364	65
BBG	dry	7	30	1996	378	149
BBG	dry	7	30	1996	378	149
BBG	dry	8	1	1996	217	42
BBG	dry	8	1	1996	217	102
BBG	dry	8	1	1996	217	102
BBG	dry	8	1	1996	217	102
BBG	dry	8	1	1996	217	157
BBG	dry	8	1	1996	229	102
BBG	dry	8	1	1996	229	102
BBG	dry	8	1	1996	242	157
BBG	dry	8	1	1996	284	157
BBG	dry	8	1	1996	303	157
BBG	dry	8	1	1996	341	97
BBG	dry	8	1	1996	364	42
BBG	dry	8	1	1996	364	42
BBG	dry	8	6	1996	194	111
BBG	dry	8	6	1996	195	111
BBG	dry	8	6	1996	195	111
BBG	dry	8	6	1996	195	111
BBG	dry	8	6	1996	216	66
BBG	dry	8	6	1996	216	111
BBG	dry	8	6	1996	216	111
BBG	dry	8	6	1996	217	66
BBG	dry	8	6	1996	217	66
BBG	dry	8	6	1996	217	66
BBG	dry	8	6	1996	217	102
BBG	dry	8	6	1996	217	102
BBG	dry	8	6	1996	217	102
BBG	dry	8	6	1996	217	102
BBG	dry	8	6	1996	217	102
BBG	dry	8	6	1996	217	102
BBG	dry	8	6	1996	217	111
BBG	dry	8	6	1996	217	111
BBG	dry	8	6	1996	217	111
BBG	dry	8	6	1996	229	102
BBG	dry	8	6	1996	229	111
BBG	dry	8	6	1996	233	96
BBG	dry	8	6	1996	242	96
BBG	dry	8	6	1996	242	102
BBG	dry	8	6	1996	248	102
BBG	dry	8	6	1996	248	102
BBG	dry	8	6	1996	249	102
BBG	dry	8	6	1996	249	102
BBG	dry	8	6	1996	249	102
BBG	dry	8	6	1996	303	157
BBG	dry	8	6	1996	309	111
BBG	dry	8	6	1996	341	96
BBG	dry	8	6	1996	341	96
BBG	dry	8	6	1996	362	149
BBG	dry	8	6	1996	364	42
BBG	dry	8	6	1996	377	102
BBG	dry	8	6	1996	378	66
BBG	dry	8	6	1996	378	157
BBG	dry	8	6	1996	378	157
BBG	dry	8	6	1996	380	68
BBG	dry	8	6	1996	380	68
BBG	dry	8	6	1996	385	102
BBG	dry	8	7	1996	219	157
BBG	dry	8	7	1996	233	157
BBG	dry	8	7	1996	242	157
BBG	dry	8	7	1996	248	66
BBG	dry	8	7	1996	249	66
BBG	dry	8	7	1996	250	66
BBG	dry	8	7	1996	303	157
BBG	dry	8	13	1996	183	157
BBG	dry	8	13	1996	191	42
BBG	dry	8	13	1996	194	111
BBG	dry	8	13	1996	194	111
BBG	dry	8	13	1996	196	102
BBG	dry	8	13	1996	199	149
BBG	dry	8	13	1996	209	111
BBG	dry	8	13	1996	209	111
BBG	dry	8	13	1996	217	102
BBG	dry	8	13	1996	217	102
BBG	dry	8	13	1996	217	102
BBG	dry	8	13	1996	217	102
BBG	dry	8	13	1996	217	102
BBG	dry	8	13	1996	217	102
BBG	dry	8	13	1996	217	102
BBG	dry	8	13	1996	217	122
BBG	dry	8	13	1996	233	102
BBG	dry	8	13	1996	239	157
BBG	dry	8	13	1996	239	157
BBG	dry	8	13	1996	242	12
BBG	dry	8	13	1996	242	157
BBG	dry	8	13	1996	242	157
BBG	dry	8	13	1996	248	102
BBG	dry	8	13	1996	248	111
BBG	dry	8	13	1996	249	102
BBG	dry	8	13	1996	303	157
BBG	dry	8	13	1996	303	157
BBG	dry	8	13	1996	303	157
BBG	dry	8	13	1996	303	157
BBG	dry	8	13	1996	317	175
BBG	dry	8	13	1996	317	175
BBG	dry	8	13	1996	317	175
BBG	dry	8	13	1996	325	149
BBG	dry	8	13	1996	325	149
BBG	dry	8	13	1996	325	149
BBG	dry	8	13	1996	332	149
BBG	dry	8	13	1996	362	149
BBG	dry	8	13	1996	364	149
BBG	dry	8	13	1996	364	175
BBG	dry	8	13	1996	385	102
BBG	dry	8	20	1996	199	75
BBG	dry	8	20	1996	203	75
BBG	dry	8	20	1996	216	102
BBG	dry	8	20	1996	216	149
BBG	dry	8	20	1996	216	157
BBG	dry	8	20	1996	216	157
BBG	dry	8	20	1996	217	66
BBG	dry	8	20	1996	217	66
BBG	dry	8	20	1996	217	84
BBG	dry	8	20	1996	217	102
BBG	dry	8	20	1996	217	102
BBG	dry	8	20	1996	217	149
BBG	dry	8	20	1996	217	149
BBG	dry	8	20	1996	217	149
BBG	dry	8	20	1996	217	149
BBG	dry	8	20	1996	217	157
BBG	dry	8	20	1996	217	157
BBG	dry	8	20	1996	223	75
BBG	dry	8	20	1996	223	84
BBG	dry	8	20	1996	249	102
BBG	dry	8	20	1996	252	66
BBG	dry	8	20	1996	288	157
BBG	dry	8	20	1996	290	75
BBG	dry	8	20	1996	290	75
BBG	dry	8	20	1996	306	168
BBG	dry	8	20	1996	308	75
BBG	dry	8	20	1996	341	96
BBG	dry	8	20	1996	341	96
BBG	dry	8	20	1996	378	36
BBG	dry	8	20	1996	378	36
BBG	dry	8	20	1996	385	66
BBG	dry	8	20	1996	385	75
BBG	dry	8	20	1996	386	66
BBG	dry	8	20	1996	386	84
BBG	dry	8	20	1996	386	84
BBG	dry	8	22	1996	216	53
BBG	dry	8	22	1996	217	149
BBG	dry	8	22	1996	242	157
BBG	dry	8	22	1996	242	157
BBG	dry	8	22	1996	242	161
BBG	dry	8	22	1996	242	161
BBG	dry	8	22	1996	341	12
BBG	dry	8	22	1996	341	96
BBG	dry	8	22	1996	378	144
BBG	dry	8	27	1996	203	122
BBG	dry	8	27	1996	224	47
BBG	dry	8	27	1996	239	157
BBG	dry	8	27	1996	242	157
BBG	dry	8	27	1996	263	66
BBG	dry	8	27	1996	341	157
BBG	dry	8	27	1996	341	157
BBG	dry	8	27	1996	356	150
BBG	dry	8	27	1996	378	157
BBG	dry	8	27	1996	386	73
BBG	dry	8	29	1996	217	122
BBG	dry	8	29	1996	233	157
BBG	dry	8	29	1996	242	157
BBG	dry	8	29	1996	303	157
BBG	dry	8	29	1996	343	122
BBG	dry	8	29	1996	364	108
BBG	dry	8	29	1996	364	108
BBG	dry	8	29	1996	385	122
BBG	dry	9	3	1996	216	149
BBG	dry	9	3	1996	217	4
BBG	dry	9	3	1996	223	4
BBG	dry	9	3	1996	289	109
BBG	dry	9	3	1996	325	109
BBG	dry	9	3	1996	350	109
BBG	dry	9	3	1996	351	109
BBG	dry	9	3	1996	351	109
BBG	dry	9	3	1996	362	109
BBG	dry	9	3	1996	364	73
BBG	dry	9	3	1996	378	4
BBG	dry	9	3	1996	378	73
BBG	dry	9	3	1996	378	73
BBG	dry	9	3	1996	378	76
BBG	dry	9	3	1996	378	89
BBG	dry	9	3	1996	378	89
BBG	dry	9	3	1996	379	109
BBG	dry	9	3	1996	387	4
BBG	dry	9	3	1996	387	4
BBG	dry	9	3	1996	387	4
BBG	dry	9	3	1996	387	4
BBG	dry	9	3	1996	387	4
BBG	dry	9	5	1996	325	109
BBG	dry	9	5	1996	350	109
BBG	dry	9	9	1996	378	37
BBG	dry	9	9	1996	378	73
BBG	dry	9	9	1996	378	73
BBG	dry	9	9	1996	378	73
BBG	dry	9	11	1996	186	4
BBG	dry	9	11	1996	230	4
BBG	dry	9	11	1996	230	4
BBG	dry	9	11	1996	233	4
BBG	dry	9	11	1996	239	122
BBG	dry	9	11	1996	336	4
BBG	dry	9	11	1996	337	4
BBG	dry	9	11	1996	350	4
BBG	dry	9	11	1996	350	4
BBG	dry	9	11	1996	377	122
BBG	dry	9	11	1996	378	4
BBG	dry	9	11	1996	382	4
BBG	dry	9	11	1996	382	4
BBG	dry	9	11	1996	387	4
BBG	dry	9	17	1996	185	140
BBG	dry	9	17	1996	216	122
BBG	dry	9	17	1996	217	27
BBG	dry	9	17	1996	217	122
BBG	dry	9	17	1996	289	122
BBG	dry	9	17	1996	289	122
BBG	dry	9	17	1996	289	122
BBG	dry	9	17	1996	289	122
BBG	dry	9	17	1996	289	122
BBG	dry	9	17	1996	325	122
BBG	dry	9	17	1996	362	64
BBG	dry	9	17	1996	362	64
BBG	dry	9	17	1996	362	64
BBG	dry	9	17	1996	362	64
BBG	dry	9	17	1996	364	14
BBG	dry	9	17	1996	364	27
BBG	dry	9	17	1996	364	27
BBG	dry	9	17	1996	364	27
BBG	dry	9	17	1996	364	27
BBG	dry	9	24	1996	209	27
BBG	dry	9	24	1996	219	4
BBG	dry	9	24	1996	224	4
BBG	dry	9	24	1996	225	4
BBG	dry	9	24	1996	225	27
BBG	dry	9	24	1996	233	4
BBG	dry	9	24	1996	233	4
BBG	dry	9	24	1996	238	4
BBG	dry	9	24	1996	240	4
BBG	dry	9	24	1996	243	4
BBG	dry	9	24	1996	267	4
BBG	dry	9	24	1996	276	27
BBG	dry	9	24	1996	334	4
BBG	dry	9	24	1996	334	4
BBG	dry	9	24	1996	335	4
BBG	dry	9	24	1996	335	4
BBG	dry	9	24	1996	336	4
BBG	dry	9	24	1996	337	4
BBG	dry	9	24	1996	337	4
BBG	dry	9	24	1996	337	4
BBG	dry	9	24	1996	341	4
BBG	dry	9	24	1996	344	27
BBG	dry	9	24	1996	362	4
BBG	dry	9	24	1996	364	4
BBG	dry	9	24	1996	364	27
BBG	dry	9	24	1996	380	4
BBG	dry	9	24	1996	380	4
BBG	dry	9	24	1996	380	4
BBG	dry	9	24	1996	380	4
BBG	dry	9	24	1996	387	4
BBG	dry	9	25	1996	192	123
BBG	dry	9	25	1996	194	33
BBG	dry	9	25	1996	196	153
BBG	dry	9	25	1996	199	139
BBG	dry	9	25	1996	203	139
BBG	dry	9	25	1996	216	50
BBG	dry	9	25	1996	216	153
BBG	dry	9	25	1996	224	30
BBG	dry	9	25	1996	252	123
BBG	dry	9	25	1996	340	33
BBG	dry	9	25	1996	349	33
BBG	dry	9	25	1996	350	139
BBG	dry	9	25	1996	350	153
BBG	dry	9	25	1996	378	153
BBG	dry	9	25	1996	378	153
BBG	dry	9	25	1996	378	153
BBG	wet	10	4	1996	216	151
BBG	wet	10	4	1996	217	150
BBG	wet	10	4	1996	225	150
BBG	wet	10	4	1996	230	80
BBG	wet	10	4	1996	234	80
BBG	wet	10	4	1996	234	80
BBG	wet	10	4	1996	335	80
BBG	wet	10	4	1996	335	80
BBG	wet	10	4	1996	335	80
BBG	wet	10	4	1996	335	80
BBG	wet	10	4	1996	336	80
BBG	wet	10	4	1996	337	80
BBG	wet	10	4	1996	344	33
BBG	wet	10	4	1996	350	80
BBG	wet	10	4	1996	367	80
BBG	wet	10	4	1996	378	39
BBG	wet	10	4	1996	378	39
BBG	wet	10	4	1996	378	39
BBG	wet	10	4	1996	378	39
BBG	wet	10	4	1996	378	39
BBG	wet	10	4	1996	379	80
BBG	wet	10	4	1996	379	80
BBG	wet	10	4	1996	379	80
BBG	wet	10	4	1996	379	80
BBG	wet	10	4	1996	379	80
BBG	wet	10	8	1996	216	23
BBG	wet	10	8	1996	292	97
BBG	wet	10	8	1996	325	23
BBG	wet	10	8	1996	341	97
BBG	wet	10	8	1996	362	23
BBG	wet	10	15	1996	194	27
BBG	wet	10	15	1996	195	27
BBG	wet	10	15	1996	199	33
BBG	wet	10	15	1996	222	27
BBG	wet	10	15	1996	224	32
BBG	wet	10	15	1996	238	27
BBG	wet	10	15	1996	238	27
BBG	wet	10	15	1996	238	33
BBG	wet	10	15	1996	241	27
BBG	wet	10	15	1996	278	27
BBG	wet	10	15	1996	278	27
BBG	wet	10	15	1996	279	27
BBG	wet	10	15	1996	284	2
BBG	wet	10	15	1996	284	2
BBG	wet	10	15	1996	284	2
BBG	wet	10	15	1996	341	163
BBG	wet	10	15	1996	344	27
BBG	wet	10	15	1996	344	27
BBG	wet	10	15	1996	344	27
BBG	wet	10	15	1996	344	27
BBG	wet	10	15	1996	344	27
BBG	wet	10	15	1996	344	27
BBG	wet	10	15	1996	344	27
BBG	wet	10	15	1996	344	27
BBG	wet	10	15	1996	348	27
BBG	wet	10	15	1996	348	33
BBG	wet	10	15	1996	349	33
BBG	wet	10	15	1996	366	27
BBG	wet	10	22	1996	195	27
BBG	wet	10	22	1996	229	27
BBG	wet	10	22	1996	238	27
BBG	wet	10	22	1996	270	32
BBG	wet	10	22	1996	274	27
BBG	wet	10	22	1996	275	27
BBG	wet	10	22	1996	278	33
BBG	wet	10	22	1996	344	27
BBG	wet	10	22	1996	344	27
BBG	wet	10	22	1996	349	27
BBG	wet	10	29	1996	190	27
BBG	wet	10	29	1996	216	27
BBG	wet	10	29	1996	217	150
BBG	wet	10	29	1996	225	150
BBG	wet	10	29	1996	225	150
BBG	wet	10	29	1996	225	150
BBG	wet	10	29	1996	229	27
BBG	wet	10	29	1996	231	150
BBG	wet	10	29	1996	238	27
BBG	wet	10	29	1996	238	27
BBG	wet	10	29	1996	273	27
BBG	wet	10	29	1996	279	150
BBG	wet	10	29	1996	280	27
BBG	wet	10	29	1996	341	150
BBG	wet	10	29	1996	341	150
BBG	wet	10	29	1996	344	27
BBG	wet	10	29	1996	364	99
BBG	wet	10	29	1996	366	27
BBG	wet	11	5	1996	197	141
BBG	wet	11	5	1996	200	7
BBG	wet	11	5	1996	217	150
BBG	wet	11	5	1996	222	27
BBG	wet	11	5	1996	222	141
BBG	wet	11	5	1996	236	27
BBG	wet	11	5	1996	239	141
BBG	wet	11	5	1996	275	141
BBG	wet	11	5	1996	276	27
BBG	wet	11	5	1996	278	27
BBG	wet	11	5	1996	278	27
BBG	wet	11	5	1996	279	27
BBG	wet	11	5	1996	279	27
BBG	wet	11	5	1996	279	27
BBG	wet	11	5	1996	289	7
BBG	wet	11	5	1996	331	141
BBG	wet	11	5	1996	341	141
BBG	wet	11	5	1996	341	141
BBG	wet	11	5	1996	341	141
BBG	wet	11	5	1996	341	150
BBG	wet	11	5	1996	342	27
BBG	wet	11	5	1996	344	27
BBG	wet	11	5	1996	344	27
BBG	wet	11	5	1996	347	27
BBG	wet	11	5	1996	350	27
BBG	wet	11	5	1996	350	27
BBG	wet	11	5	1996	365	27
BBG	wet	11	5	1996	367	27
BBG	wet	11	5	1996	375	2
BBG	wet	11	5	1996	378	33
BBG	wet	11	5	1996	378	152
BBG	wet	11	5	1996	378	152
BBG	wet	11	12	1996	185	27
BBG	wet	11	12	1996	185	27
BBG	wet	11	12	1996	191	27
BBG	wet	11	12	1996	193	105
BBG	wet	11	12	1996	194	143
BBG	wet	11	12	1996	195	116
BBG	wet	11	12	1996	196	105
BBG	wet	11	12	1996	196	143
BBG	wet	11	12	1996	204	105
BBG	wet	11	12	1996	204	105
BBG	wet	11	12	1996	204	105
BBG	wet	11	12	1996	204	105
BBG	wet	11	12	1996	206	27
BBG	wet	11	12	1996	216	105
BBG	wet	11	12	1996	216	105
BBG	wet	11	12	1996	222	105
BBG	wet	11	12	1996	222	105
BBG	wet	11	12	1996	222	152
BBG	wet	11	12	1996	224	141
BBG	wet	11	12	1996	229	141
BBG	wet	11	12	1996	238	27
BBG	wet	11	12	1996	238	141
BBG	wet	11	12	1996	239	105
BBG	wet	11	12	1996	239	141
BBG	wet	11	12	1996	241	141
BBG	wet	11	12	1996	247	143
BBG	wet	11	12	1996	248	143
BBG	wet	11	12	1996	256	141
BBG	wet	11	12	1996	258	105
BBG	wet	11	12	1996	275	27
BBG	wet	11	12	1996	275	141
BBG	wet	11	12	1996	276	143
BBG	wet	11	12	1996	277	27
BBG	wet	11	12	1996	277	141
BBG	wet	11	12	1996	279	27
BBG	wet	11	12	1996	279	27
BBG	wet	11	12	1996	318	105
BBG	wet	11	12	1996	342	27
BBG	wet	11	12	1996	344	27
BBG	wet	11	12	1996	344	27
BBG	wet	11	12	1996	348	27
BBG	wet	11	12	1996	348	27
BBG	wet	11	12	1996	362	105
BBG	wet	11	12	1996	362	105
BBG	wet	11	12	1996	362	105
BBG	wet	11	12	1996	362	116
BBG	wet	11	12	1996	362	116
BBG	wet	11	12	1996	363	105
BBG	wet	11	12	1996	364	27
BBG	wet	11	12	1996	364	27
BBG	wet	11	12	1996	364	141
BBG	wet	11	12	1996	369	27
BBG	wet	11	12	1996	377	105
BBG	wet	11	12	1996	377	143
BBG	wet	11	12	1996	380	143
BBG	wet	11	19	1996	191	105
BBG	wet	11	19	1996	257	105
BBG	wet	11	19	1996	265	105
BBG	wet	11	19	1996	269	168
BBG	wet	11	19	1996	293	105
BBG	wet	11	19	1996	302	105
BBG	wet	11	19	1996	362	105
BBG	wet	11	19	1996	362	105
BBG	wet	11	19	1996	362	105
BBG	wet	11	19	1996	376	58
BBG	wet	11	20	1996	217	143
BBG	wet	11	20	1996	248	143
BBG	wet	11	20	1996	248	143
BBG	wet	11	20	1996	277	27
BBG	wet	11	20	1996	342	27
BBG	wet	11	20	1996	343	143
BBG	wet	11	20	1996	344	27
BBG	wet	11	20	1996	344	143
BBG	wet	11	20	1996	364	27
BBG	wet	11	20	1996	364	27
BBG	wet	11	20	1996	364	27
BBG	wet	11	25	1996	184	133
BBG	wet	11	25	1996	194	179
BBG	wet	11	25	1996	194	179
BBG	wet	11	25	1996	195	143
BBG	wet	11	25	1996	197	132
BBG	wet	11	25	1996	216	168
BBG	wet	11	25	1996	217	150
BBG	wet	11	25	1996	250	179
BBG	wet	11	25	1996	276	125
BBG	wet	11	25	1996	276	143
BBG	wet	11	25	1996	364	125
BBG	wet	11	25	1996	366	179
BBG	wet	11	26	1996	187	125
BBG	wet	11	26	1996	195	125
BBG	wet	11	26	1996	196	125
BBG	wet	11	26	1996	196	125
BBG	wet	11	26	1996	202	125
BBG	wet	11	26	1996	203	125
BBG	wet	11	26	1996	204	125
BBG	wet	11	26	1996	213	125
BBG	wet	11	26	1996	216	125
BBG	wet	11	26	1996	216	125
BBG	wet	11	26	1996	216	125
BBG	wet	11	26	1996	216	125
BBG	wet	11	26	1996	216	125
BBG	wet	11	26	1996	216	125
BBG	wet	11	26	1996	216	125
BBG	wet	11	26	1996	216	125
BBG	wet	11	26	1996	277	19
BBG	wet	11	26	1996	279	125
BBG	wet	11	26	1996	341	125
BBG	wet	11	26	1996	350	125
BBG	wet	11	28	1996	216	125
BBG	wet	11	28	1996	216	125
BBG	wet	11	28	1996	216	125
BBG	wet	11	28	1996	225	27
BBG	wet	11	28	1996	276	125
BBG	wet	11	28	1996	277	27
BBG	wet	11	28	1996	277	125
BBG	wet	11	28	1996	279	125
BBG	wet	12	2	1996	184	133
BBG	wet	12	2	1996	184	133
BBG	wet	12	2	1996	184	133
BBG	wet	12	2	1996	184	133
BBG	wet	12	2	1996	184	133
BBG	wet	12	2	1996	184	133
BBG	wet	12	2	1996	184	133
BBG	wet	12	2	1996	184	133
BBG	wet	12	2	1996	184	133
BBG	wet	12	2	1996	196	125
BBG	wet	12	2	1996	212	125
BBG	wet	12	2	1996	216	125
BBG	wet	12	2	1996	216	125
BBG	wet	12	2	1996	216	125
BBG	wet	12	2	1996	216	125
BBG	wet	12	2	1996	216	125
BBG	wet	12	2	1996	216	125
BBG	wet	12	2	1996	217	125
BBG	wet	12	2	1996	217	143
BBG	wet	12	2	1996	224	125
BBG	wet	12	2	1996	250	107
BBG	wet	12	2	1996	277	125
BBG	wet	12	2	1996	296	125
BBG	wet	12	2	1996	296	133
BBG	wet	12	2	1996	341	125
BBG	wet	12	2	1996	341	125
BBG	wet	12	2	1996	346	133
BBG	wet	12	2	1996	350	133
BBG	wet	12	2	1996	352	133
BBG	wet	12	2	1996	378	107
BBG	wet	12	2	1996	378	133
BBG	wet	12	2	1996	378	143
BBG	wet	12	10	1996	190	54
BBG	wet	12	10	1996	194	54
BBG	wet	12	10	1996	195	125
BBG	wet	12	10	1996	195	125
BBG	wet	12	10	1996	195	125
BBG	wet	12	10	1996	197	125
BBG	wet	12	10	1996	197	125
BBG	wet	12	10	1996	201	125
BBG	wet	12	10	1996	202	125
BBG	wet	12	10	1996	203	125
BBG	wet	12	10	1996	203	125
BBG	wet	12	10	1996	203	125
BBG	wet	12	10	1996	203	125
BBG	wet	12	10	1996	205	125
BBG	wet	12	10	1996	208	125
BBG	wet	12	10	1996	212	125
BBG	wet	12	10	1996	212	125
BBG	wet	12	10	1996	213	125
BBG	wet	12	10	1996	213	125
BBG	wet	12	10	1996	213	125
BBG	wet	12	10	1996	214	125
BBG	wet	12	10	1996	214	125
BBG	wet	12	10	1996	214	125
BBG	wet	12	10	1996	214	125
BBG	wet	12	10	1996	224	104
BBG	wet	12	10	1996	247	8
BBG	wet	12	10	1996	248	125
BBG	wet	12	10	1996	250	129
BBG	wet	12	10	1996	252	125
BBG	wet	12	10	1996	253	69
BBG	wet	12	10	1996	254	91
BBG	wet	12	10	1996	279	125
BBG	wet	12	10	1996	284	125
BBG	wet	12	10	1996	284	130
BBG	wet	12	10	1996	289	22
BBG	wet	12	10	1996	289	125
BBG	wet	12	10	1996	290	8
BBG	wet	12	10	1996	290	125
BBG	wet	12	10	1996	290	168
BBG	wet	12	10	1996	291	125
BBG	wet	12	10	1996	311	69
BBG	wet	12	10	1996	318	168
BBG	wet	12	10	1996	327	91
BBG	wet	12	10	1996	341	125
BBG	wet	12	10	1996	341	125
BBG	wet	12	10	1996	348	92
BBG	wet	12	10	1996	348	125
BBG	wet	12	10	1996	348	125
BBG	wet	12	10	1996	350	22
BBG	wet	12	10	1996	350	125
BBG	wet	12	10	1996	355	125
BBG	wet	12	10	1996	356	125
BBG	wet	12	10	1996	364	69
BBG	wet	12	10	1996	364	142
BBG	wet	12	10	1996	375	13
BBG	wet	12	10	1996	378	91
BBG	wet	12	10	1996	378	125
BBG	wet	12	10	1996	380	125
BBG	wet	12	10	1996	386	125
BBG	wet	12	10	1996	386	125
BBG	wet	12	12	1996	230	178
BBG	wet	12	12	1996	277	178
BBG	wet	12	12	1996	277	178
BBG	wet	12	12	1996	279	125
BBG	wet	12	12	1996	287	143
BBG	wet	12	12	1996	289	143
BBG	wet	12	12	1996	315	133
BBG	wet	12	12	1996	324	133
BBG	wet	12	12	1996	378	178
BBG	wet	12	17	1996	195	125
BBG	wet	12	17	1996	200	31
BBG	wet	12	17	1996	205	105
BBG	wet	12	17	1996	217	143
BBG	wet	12	17	1996	217	150
BBG	wet	12	17	1996	217	105
BBG	wet	12	17	1996	248	133
BBG	wet	12	17	1996	249	107
BBG	wet	12	17	1996	252	107
BBG	wet	12	17	1996	275	31
BBG	wet	12	17	1996	276	31
BBG	wet	12	17	1996	276	31
BBG	wet	12	17	1996	276	31
BBG	wet	12	17	1996	276	31
BBG	wet	12	17	1996	276	31
BBG	wet	12	17	1996	278	31
BBG	wet	12	17	1996	279	31
BBG	wet	12	17	1996	290	150
BBG	wet	12	17	1996	312	105
BBG	wet	12	17	1996	325	125
BBG	wet	12	17	1996	325	133
BBG	wet	12	17	1996	325	143
BBG	wet	12	17	1996	341	150
BBG	wet	12	17	1996	341	150
BBG	wet	12	17	1996	344	31
BBG	wet	12	17	1996	344	31
BBG	wet	12	17	1996	344	31
BBG	wet	12	17	1996	355	125
BBG	wet	12	17	1996	364	125
BBG	wet	12	17	1996	364	125
BBG	wet	12	17	1996	385	150
BBG	wet	1	7	1997	190	168
BBG	wet	1	7	1997	194	180
BBG	wet	1	7	1997	196	168
BBG	wet	1	7	1997	216	151
BBG	wet	1	7	1997	250	107
BBG	wet	1	7	1997	289	138
BBG	wet	1	7	1997	341	130
BBG	wet	1	7	1997	341	151
BBG	wet	1	10	1997	195	180
BBG	wet	1	10	1997	195	180
BBG	wet	1	10	1997	196	180
BBG	wet	1	10	1997	197	180
BBG	wet	1	10	1997	197	180
BBG	wet	1	10	1997	202	180
BBG	wet	1	10	1997	364	138
BBG	wet	1	15	1997	247	26
BBG	wet	1	15	1997	362	26
BBG	wet	1	15	1997	367	13
BBG	wet	1	15	1997	372	150
BBG	wet	1	15	1997	375	130
BBG	wet	1	15	1997	378	167
BBG	wet	1	15	1997	378	167
BBG	wet	1	16	1997	190	180
BBG	wet	1	16	1997	194	180
BBG	wet	1	16	1997	194	180
BBG	wet	1	16	1997	194	180
BBG	wet	1	16	1997	195	180
BBG	wet	1	16	1997	196	180
BBG	wet	1	16	1997	196	180
BBG	wet	1	16	1997	225	150
BBG	wet	1	16	1997	278	150
BBG	wet	1	16	1997	313	134
BBG	wet	1	16	1997	358	130
BBG	wet	1	16	1997	387	150
BBG	wet	1	23	1997	194	131
BBG	wet	1	23	1997	196	131
BBG	wet	1	23	1997	217	151
BBG	wet	1	23	1997	216	43
BBG	wet	1	23	1997	216	45
BBG	wet	1	23	1997	216	45
BBG	wet	1	23	1997	216	151
BBG	wet	1	23	1997	225	150
BBG	wet	1	23	1997	225	130
BBG	wet	1	23	1997	244	15
BBG	wet	1	23	1997	269	174
BBG	wet	1	23	1997	281	43
BBG	wet	1	23	1997	281	130
BBG	wet	1	23	1997	283	135
BBG	wet	1	23	1997	323	49
BBG	wet	1	23	1997	323	49
BBG	wet	1	23	1997	323	174
BBG	wet	1	23	1997	341	45
BBG	wet	1	23	1997	341	130
BBG	wet	1	23	1997	364	59
BBG	wet	1	23	1997	364	59
BBG	wet	1	23	1997	364	59
BBG	wet	1	23	1997	364	59
BBG	wet	1	23	1997	378	131
BBG	wet	1	23	1997	378	155
BBG	wet	1	23	1997	378	155
BBG	wet	1	23	1997	378	155
BBG	wet	1	23	1997	378	155
BBG	wet	1	23	1997	378	155
BBG	wet	1	23	1997	378	155
BBG	wet	1	23	1997	382	49
BBG	wet	1	28	1997	188	164
BBG	wet	1	28	1997	203	34
BBG	wet	1	28	1997	209	88
BBG	wet	1	28	1997	216	34
BBG	wet	1	28	1997	216	70
BBG	wet	1	28	1997	221	130
BBG	wet	1	28	1997	250	78
BBG	wet	1	28	1997	252	145
BBG	wet	1	28	1997	252	164
BBG	wet	1	28	1997	252	164
BBG	wet	1	28	1997	276	16
BBG	wet	1	28	1997	279	48
BBG	wet	1	28	1997	279	130
BBG	wet	1	28	1997	281	147
BBG	wet	1	28	1997	378	59
BBG	wet	1	28	1997	378	145
BBG	wet	1	28	1997	380	20
BBG	wet	1	28	1997	381	34
BBG	wet	1	28	1997	387	20
BBG	wet	1	30	1997	225	150
BBG	wet	1	30	1997	278	150
BBG	wet	1	30	1997	357	54
BBG	wet	2	4	1997	186	147
BBG	wet	2	4	1997	195	43
BBG	wet	2	4	1997	200	151
BBG	wet	2	4	1997	216	16
BBG	wet	2	4	1997	323	151
BBG	wet	2	4	1997	323	151
BBG	wet	2	4	1997	350	43
BBG	wet	2	4	1997	350	148
BBG	wet	2	4	1997	355	151
BBG	wet	2	4	1997	364	16
BBG	wet	2	4	1997	364	16
BBG	wet	2	4	1997	364	164
BBG	wet	2	4	1997	375	152
BBG	wet	2	5	1997	361	9
BBG	wet	2	5	1997	375	59
BBG	wet	2	5	1997	375	117
BBG	wet	2	5	1997	378	22
BBG	wet	2	5	1997	378	22
BBG	wet	2	5	1997	378	22
BBG	wet	2	5	1997	378	59
BBG	wet	2	5	1997	378	117
BBG	wet	2	5	1997	378	117
BBG	wet	2	5	1997	378	117
BBG	wet	2	5	1997	378	117
BBG	wet	2	5	1997	378	117
BBG	wet	2	5	1997	378	130
BBG	wet	2	6	1997	194	180
BBG	wet	2	6	1997	194	180
BBG	wet	2	6	1997	195	180
BBG	wet	2	6	1997	225	150
BBG	wet	2	6	1997	250	90
BBG	wet	2	6	1997	252	90
BBG	wet	2	6	1997	277	150
BBG	wet	2	6	1997	285	150
BBG	wet	2	6	1997	327	90
BBG	wet	2	6	1997	356	150
BBG	wet	2	6	1997	373	90
BBG	wet	2	6	1997	378	71
BBG	wet	2	6	1997	378	71
BBG	wet	2	6	1997	378	167
BBG	wet	2	6	1997	378	167
BBG	wet	2	13	1997	195	180
BBG	wet	2	13	1997	195	180
BBG	wet	2	13	1997	195	180
BBG	wet	2	13	1997	195	180
BBG	wet	2	13	1997	196	180
BBG	wet	2	13	1997	235	16
BBG	wet	2	13	1997	249	180
BBG	wet	2	13	1997	252	180
BBG	wet	2	13	1997	278	16
BBG	wet	2	13	1997	339	180
BBG	wet	2	13	1997	350	180
BBG	wet	2	13	1997	364	16
BBG	wet	2	13	1997	378	62
BBG	wet	2	13	1997	387	150
BBG	wet	2	18	1997	196	28
BBG	wet	2	18	1997	225	16
BBG	wet	2	18	1997	225	150
BBG	wet	2	18	1997	249	90
BBG	wet	2	18	1997	251	90
BBG	wet	2	18	1997	251	90
BBG	wet	2	18	1997	254	28
BBG	wet	2	18	1997	276	28
BBG	wet	2	18	1997	276	28
BBG	wet	2	18	1997	277	28
BBG	wet	2	18	1997	277	28
BBG	wet	2	18	1997	283	28
BBG	wet	2	18	1997	286	90
BBG	wet	2	18	1997	309	154
BBG	wet	2	18	1997	350	28
BBG	wet	2	19	1997	191	61
BBG	wet	2	19	1997	199	167
BBG	wet	2	19	1997	203	54
BBG	wet	2	19	1997	214	150
BBG	wet	2	19	1997	249	114
BBG	wet	2	19	1997	277	13
BBG	wet	2	19	1997	309	77
BBG	wet	2	19	1997	345	13
BBG	wet	2	19	1997	345	151
BBG	wet	2	19	1997	348	57
BBG	wet	2	19	1997	348	165
BBG	wet	2	19	1997	350	57
BBG	wet	2	19	1997	350	167
BBG	wet	2	19	1997	361	9
BBG	wet	2	19	1997	367	61
BBG	wet	2	19	1997	371	61
BBG	wet	2	19	1997	378	41
BBG	wet	2	19	1997	378	43
BBG	wet	2	19	1997	378	43
BBG	wet	2	19	1997	378	59
BBG	wet	2	19	1997	378	59
BBG	wet	2	19	1997	378	59
BBG	wet	2	19	1997	378	59
BBG	wet	2	19	1997	378	167
BBG	wet	2	25	1997	194	16
BBG	wet	2	25	1997	225	150
BBG	wet	2	25	1997	277	13
BBG	wet	2	25	1997	341	130
BBG	wet	2	25	1997	350	103
BBG	wet	2	25	1997	378	43
BBG	wet	2	25	1997	378	43
BBG	wet	2	25	1997	378	182
BBG	wet	2	25	1997	380	43
BBG	wet	2	25	1997	380	43
BBG	wet	3	6	1997	195	106
BBG	wet	3	6	1997	209	8
BBG	wet	3	6	1997	225	150
BBG	wet	3	6	1997	279	13
BBG	wet	3	6	1997	281	130
BBG	wet	3	6	1997	281	138
BBG	wet	3	6	1997	364	52
BBG	wet	3	6	1997	364	52
BBG	wet	3	6	1997	364	62
BBG	wet	3	6	1997	378	43
BBG	wet	3	7	1997	185	51
BBG	wet	3	7	1997	341	150
BBG	wet	3	7	1997	350	51
BBG	wet	3	7	1997	350	51
BBG	wet	3	7	1997	378	43
BBG	wet	3	7	1997	378	43
BBG	wet	3	12	1997	185	150
BBG	wet	3	12	1997	195	130
BBG	wet	3	12	1997	202	112
BBG	wet	3	12	1997	225	130
BBG	wet	3	12	1997	248	66
BBG	wet	3	12	1997	248	112
BBG	wet	3	12	1997	249	66
BBG	wet	3	12	1997	252	172
BBG	wet	3	12	1997	312	66
BBG	wet	3	12	1997	312	66
BBG	wet	3	12	1997	348	170
BBG	wet	3	12	1997	363	112
BBG	wet	3	12	1997	364	130
BBG	wet	3	12	1997	385	66
BBG	wet	3	13	1997	194	117
BBG	wet	3	13	1997	195	126
BBG	wet	3	13	1997	196	117
BBG	wet	3	13	1997	200	43
BBG	wet	3	13	1997	205	52
BBG	wet	3	13	1997	205	117
BBG	wet	3	13	1997	205	126
BBG	wet	3	13	1997	217	130
BBG	wet	3	13	1997	216	130
BBG	wet	3	13	1997	225	117
BBG	wet	3	13	1997	225	130
BBG	wet	3	13	1997	236	130
BBG	wet	3	13	1997	236	130
BBG	wet	3	13	1997	248	117
BBG	wet	3	13	1997	277	130
BBG	wet	3	13	1997	279	130
BBG	wet	3	13	1997	279	150
BBG	wet	3	13	1997	325	117
BBG	wet	3	13	1997	334	13
BBG	wet	3	13	1997	341	130
BBG	wet	3	13	1997	341	130
BBG	wet	3	13	1997	341	130
BBG	wet	3	13	1997	350	43
BBG	wet	3	13	1997	350	130
BBG	wet	3	13	1997	359	126
BBG	wet	3	13	1997	359	126
BBG	wet	3	13	1997	372	43
BBG	wet	3	13	1997	375	136
BBG	wet	3	13	1997	378	43
BBG	wet	3	13	1997	378	43
BBG	wet	3	13	1997	378	43
BBG	wet	3	13	1997	378	62
BBG	wet	3	13	1997	378	117
BBG	wet	3	13	1997	378	126
BBG	wet	3	13	1997	378	130
BBG	wet	3	13	1997	378	130
BBG	wet	3	13	1997	378	130
BBG	wet	3	13	1997	378	130
BBG	wet	3	13	1997	378	167
BBG	wet	3	13	1997	385	117
BBG	wet	3	13	1997	387	154
BBG	wet	3	24	1997	190	148
BBG	wet	3	24	1997	206	43
BBG	wet	3	24	1997	216	130
BBG	wet	3	24	1997	222	162
BBG	wet	3	24	1997	225	130
BBG	wet	3	24	1997	225	148
BBG	wet	3	24	1997	225	130
BBG	wet	3	24	1997	225	150
BBG	wet	3	24	1997	225	162
BBG	wet	3	24	1997	281	130
BBG	wet	3	24	1997	341	162
BBG	wet	3	24	1997	341	162
BBG	wet	3	24	1997	360	172
BBG	wet	3	24	1997	377	43
BBG	wet	3	25	1997	184	172
BBG	wet	3	25	1997	194	43
BBG	wet	3	25	1997	194	168
BBG	wet	3	25	1997	195	43
BBG	wet	3	25	1997	195	168
BBG	wet	3	25	1997	196	154
BBG	wet	3	25	1997	196	154
BBG	wet	3	25	1997	216	154
BBG	wet	3	25	1997	225	13
BBG	wet	3	25	1997	225	148
BBG	wet	3	25	1997	225	150
BBG	wet	3	25	1997	228	13
BBG	wet	3	25	1997	236	130
BBG	wet	3	25	1997	248	168
BBG	wet	3	25	1997	249	172
BBG	wet	3	25	1997	259	130
BBG	wet	3	25	1997	277	13
BBG	wet	3	25	1997	277	28
BBG	wet	3	25	1997	277	28
BBG	wet	3	25	1997	277	162
BBG	wet	3	25	1997	277	172
BBG	wet	3	25	1997	279	150
BBG	wet	3	25	1997	279	172
BBG	wet	3	25	1997	281	83
BBG	wet	3	25	1997	281	130
BBG	wet	3	25	1997	296	172
BBG	wet	3	25	1997	298	172
BBG	wet	3	25	1997	298	172
BBG	wet	3	25	1997	312	172
BBG	wet	3	25	1997	317	172
BBG	wet	3	25	1997	324	180
BBG	wet	3	25	1997	334	13
BBG	wet	3	25	1997	341	43
BBG	wet	3	25	1997	348	13
BBG	wet	3	25	1997	348	43
BBG	wet	3	25	1997	348	43
BBG	wet	3	25	1997	348	127
BBG	wet	3	25	1997	350	154
BBG	wet	3	25	1997	378	13
BBG	wet	3	25	1997	378	43
BBG	wet	3	25	1997	378	43
BBG	wet	3	25	1997	378	43
BBG	wet	3	25	1997	378	43
BBG	wet	3	25	1997	385	93
BBG	dry	4	2	1997	217	130
BBG	dry	4	2	1997	225	172
BBG	dry	4	2	1997	225	18
BBG	dry	4	2	1997	239	172
BBG	dry	4	2	1997	240	172
BBG	dry	4	2	1997	278	16
BBG	dry	4	2	1997	279	172
BBG	dry	4	2	1997	279	172
BBG	dry	4	2	1997	279	172
BBG	dry	4	2	1997	281	172
BBG	dry	4	2	1997	281	130
BBG	dry	4	2	1997	296	136
BBG	dry	4	2	1997	312	172
BBG	dry	4	2	1997	317	172
BBG	dry	4	2	1997	326	172
BBG	dry	4	2	1997	333	18
BBG	dry	4	2	1997	333	172
BBG	dry	4	2	1997	348	172
BBG	dry	4	2	1997	378	93
BBG	dry	4	2	1997	378	130
BBG	dry	4	2	1997	386	172
BBG	dry	4	3	1997	184	172
BBG	dry	4	3	1997	194	172
BBG	dry	4	3	1997	207	172
BBG	dry	4	3	1997	224	172
BBG	dry	4	3	1997	225	162
BBG	dry	4	3	1997	252	172
BBG	dry	4	3	1997	261	172
BBG	dry	4	3	1997	279	172
BBG	dry	4	3	1997	281	172
BBG	dry	4	3	1997	281	172
BBG	dry	4	3	1997	307	172
BBG	dry	4	3	1997	310	172
BBG	dry	4	3	1997	314	136
BBG	dry	4	3	1997	317	172
BBG	dry	4	3	1997	325	172
BBG	dry	4	3	1997	326	83
BBG	dry	4	3	1997	326	172
BBG	dry	4	3	1997	333	172
BBG	dry	4	3	1997	341	162
BBG	dry	4	3	1997	350	162
BBG	dry	4	3	1997	350	162
BBG	dry	4	3	1997	378	154
BBG	dry	4	9	1997	194	1
BBG	dry	4	9	1997	195	162
BBG	dry	4	9	1997	209	43
BBG	dry	4	9	1997	216	162
BBG	dry	4	9	1997	217	162
BBG	dry	4	9	1997	224	172
BBG	dry	4	9	1997	260	168
BBG	dry	4	9	1997	279	162
BBG	dry	4	9	1997	279	172
BBG	dry	4	9	1997	281	172
BBG	dry	4	9	1997	285	162
BBG	dry	4	9	1997	285	162
BBG	dry	4	9	1997	298	172
BBG	dry	4	9	1997	317	172
BBG	dry	4	9	1997	333	13
BBG	dry	4	9	1997	341	162
BBG	dry	4	9	1997	341	162
BBG	dry	4	9	1997	341	162
BBG	dry	4	9	1997	364	83
BBG	dry	4	9	1997	387	162
BBG	dry	4	10	1997	184	168
BBG	dry	4	10	1997	184	168
BBG	dry	4	10	1997	194	172
BBG	dry	4	10	1997	195	154
BBG	dry	4	10	1997	196	62
BBG	dry	4	10	1997	196	154
BBG	dry	4	10	1997	196	168
BBG	dry	4	10	1997	199	154
BBG	dry	4	10	1997	203	154
BBG	dry	4	10	1997	214	24
BBG	dry	4	10	1997	214	172
BBG	dry	4	10	1997	214	172
BBG	dry	4	10	1997	214	172
BBG	dry	4	10	1997	216	154
BBG	dry	4	10	1997	216	168
BBG	dry	4	10	1997	220	172
BBG	dry	4	10	1997	224	172
BBG	dry	4	10	1997	225	43
BBG	dry	4	10	1997	225	172
BBG	dry	4	10	1997	228	172
BBG	dry	4	10	1997	248	61
BBG	dry	4	10	1997	268	172
BBG	dry	4	10	1997	277	13
BBG	dry	4	10	1997	278	172
BBG	dry	4	10	1997	278	172
BBG	dry	4	10	1997	279	172
BBG	dry	4	10	1997	281	83
BBG	dry	4	10	1997	281	172
BBG	dry	4	10	1997	281	172
BBG	dry	4	10	1997	291	172
BBG	dry	4	10	1997	299	168
BBG	dry	4	10	1997	299	172
BBG	dry	4	10	1997	299	172
BBG	dry	4	10	1997	300	168
BBG	dry	4	10	1997	300	168
BBG	dry	4	10	1997	300	172
BBG	dry	4	10	1997	300	172
BBG	dry	4	10	1997	319	59
BBG	dry	4	10	1997	326	83
BBG	dry	4	10	1997	326	83
BBG	dry	4	10	1997	326	83
BBG	dry	4	10	1997	329	92
BBG	dry	4	10	1997	333	172
BBG	dry	4	10	1997	333	172
BBG	dry	4	10	1997	333	172
BBG	dry	4	10	1997	334	172
BBG	dry	4	10	1997	341	154
BBG	dry	4	10	1997	341	154
BBG	dry	4	10	1997	348	43
BBG	dry	4	10	1997	348	172
BBG	dry	4	10	1997	348	172
BBG	dry	4	10	1997	350	24
BBG	dry	4	10	1997	350	175
BBG	dry	4	10	1997	356	154
BBG	dry	4	10	1997	375	182
BBG	dry	4	10	1997	378	13
BBG	dry	4	10	1997	378	22
BBG	dry	4	10	1997	378	22
BBG	dry	4	10	1997	378	24
BBG	dry	4	10	1997	378	43
BBG	dry	4	10	1997	378	43
BBG	dry	4	10	1997	378	59
BBG	dry	4	10	1997	380	98
BBG	dry	4	10	1997	385	172
BBG	dry	4	16	1997	216	3
BBG	dry	4	16	1997	216	154
BBG	dry	4	16	1997	216	162
BBG	dry	4	16	1997	217	162
BBG	dry	4	16	1997	236	16
BBG	dry	4	16	1997	279	16
BBG	dry	4	16	1997	341	162
BBG	dry	4	16	1997	350	162
BBG	dry	4	16	1997	380	162
BBG	dry	4	23	1997	217	172
BBG	dry	4	23	1997	216	154
BBG	dry	4	23	1997	216	172
BBG	dry	4	23	1997	216	172
BBG	dry	4	23	1997	217	38
BBG	dry	4	23	1997	225	38
BBG	dry	4	23	1997	225	38
BBG	dry	4	23	1997	223	172
BBG	dry	4	23	1997	246	172
BBG	dry	4	23	1997	279	168
BBG	dry	4	23	1997	279	172
BBG	dry	4	23	1997	279	172
BBG	dry	4	23	1997	281	168
BBG	dry	4	23	1997	281	172
BBG	dry	4	23	1997	281	172
BBG	dry	4	23	1997	298	172
BBG	dry	4	23	1997	298	172
BBG	dry	4	23	1997	298	172
BBG	dry	4	23	1997	317	175
BBG	dry	4	23	1997	325	172
BBG	dry	4	23	1997	326	172
BBG	dry	4	23	1997	370	43
BBG	dry	4	23	1997	381	43
BBG	dry	4	23	1997	381	83
BBG	dry	4	23	1997	384	172
BBG	dry	4	25	1997	184	172
BBG	dry	4	25	1997	194	168
BBG	dry	4	25	1997	194	172
BBG	dry	4	25	1997	203	32
BBG	dry	4	25	1997	203	83
BBG	dry	4	25	1997	203	172
BBG	dry	4	25	1997	203	172
BBG	dry	4	25	1997	203	172
BBG	dry	4	25	1997	224	30
BBG	dry	4	25	1997	229	172
BBG	dry	4	25	1997	246	168
BBG	dry	4	25	1997	247	59
BBG	dry	4	25	1997	249	172
BBG	dry	4	25	1997	277	125
BBG	dry	4	25	1997	279	87
BBG	dry	4	25	1997	281	176
BBG	dry	4	25	1997	281	87
BBG	dry	4	25	1997	284	172
BBG	dry	4	25	1997	285	168
BBG	dry	4	25	1997	298	168
BBG	dry	4	25	1997	298	172
BBG	dry	4	25	1997	298	172
BBG	dry	4	25	1997	298	172
BBG	dry	4	25	1997	298	172
BBG	dry	4	25	1997	298	172
BBG	dry	4	25	1997	298	172
BBG	dry	4	25	1997	298	172
BBG	dry	4	25	1997	298	172
BBG	dry	4	25	1997	299	172
BBG	dry	4	25	1997	299	172
BBG	dry	4	25	1997	313	168
BBG	dry	4	25	1997	323	172
BBG	dry	4	25	1997	330	172
BBG	dry	4	25	1997	333	172
BBG	dry	4	25	1997	333	172
BBG	dry	4	25	1997	333	172
BBG	dry	4	25	1997	333	172
BBG	dry	4	25	1997	333	172
BBG	dry	4	25	1997	348	172
BBG	dry	4	25	1997	348	172
BBG	dry	4	25	1997	350	32
BBG	dry	4	25	1997	350	85
BBG	dry	4	25	1997	350	172
BBG	dry	4	25	1997	350	172
BBG	dry	4	25	1997	350	172
BBG	dry	4	25	1997	356	154
BBG	dry	4	25	1997	377	172
BBG	dry	4	25	1997	378	26
BBG	dry	4	25	1997	378	26
BBG	dry	4	25	1997	378	59
BBG	dry	4	25	1997	378	172
BBG	dry	4	25	1997	378	175
BBG	dry	4	25	1997	378	175
BBG	dry	4	29	1997	195	162
BBG	dry	4	29	1997	217	172
BBG	dry	4	29	1997	216	154
BBG	dry	4	29	1997	216	154
BBG	dry	4	29	1997	217	154
BBG	dry	4	29	1997	217	172
BBG	dry	4	29	1997	236	162
BBG	dry	4	29	1997	278	16
BBG	dry	4	29	1997	279	150
BBG	dry	4	29	1997	279	150
BBG	dry	4	29	1997	279	150
BBG	dry	4	29	1997	298	168
BBG	dry	4	29	1997	298	172
BBG	dry	4	29	1997	298	172
BBG	dry	4	29	1997	298	172
BBG	dry	4	29	1997	312	30
BBG	dry	4	29	1997	317	154
BBG	dry	4	29	1997	325	30
BBG	dry	4	29	1997	326	30
BBG	dry	4	29	1997	326	150
BBG	dry	4	29	1997	326	150
BBG	dry	4	29	1997	326	168
BBG	dry	4	29	1997	326	168
BBG	dry	4	29	1997	326	168
BBG	dry	4	29	1997	326	168
BBG	dry	4	29	1997	326	168
BBG	dry	4	29	1997	326	172
BBG	dry	4	29	1997	330	43
BBG	dry	4	29	1997	333	172
BBG	dry	4	29	1997	341	162
BBG	dry	4	29	1997	341	150
BBG	dry	4	29	1997	341	154
BBG	dry	4	29	1997	341	154
BBG	dry	4	29	1997	341	162
BBG	dry	4	29	1997	350	162
BBG	dry	4	29	1997	350	162
BBG	dry	4	29	1997	350	162
BBG	dry	4	29	1997	350	162
BBG	dry	4	29	1997	355	162
BBG	dry	4	29	1997	355	162
BBG	dry	4	29	1997	362	30
BBG	dry	4	29	1997	362	30
BBG	dry	4	29	1997	362	30
BBG	dry	4	29	1997	364	150
BBG	dry	4	29	1997	364	168
BBG	dry	4	29	1997	378	30
BBG	dry	4	29	1997	378	162
BBG	dry	4	29	1997	385	83
BBG	dry	4	29	1997	387	162
BBG	dry	4	29	1997	387	162
BBG	dry	5	6	1997	186	117
BBG	dry	5	6	1997	236	154
BBG	dry	5	6	1997	279	16
BBG	dry	5	6	1997	279	150
BBG	dry	5	6	1997	279	150
BBG	dry	5	6	1997	279	150
BBG	dry	5	6	1997	281	176
BBG	dry	5	6	1997	281	176
BBG	dry	5	6	1997	281	176
BBG	dry	5	6	1997	281	148
BBG	dry	5	6	1997	297	176
BBG	dry	5	6	1997	297	176
BBG	dry	5	6	1997	297	176
BBG	dry	5	6	1997	326	176
BBG	dry	5	6	1997	333	172
BBG	dry	5	6	1997	341	154
BBG	dry	5	6	1997	361	176
BBG	dry	5	6	1997	375	146
BBG	dry	5	6	1997	375	148
BBG	dry	5	6	1997	376	176
BBG	dry	5	9	1997	216	115
BBG	dry	5	9	1997	290	46
BBG	dry	5	9	1997	325	172
BBG	dry	5	9	1997	350	180
BBG	dry	5	9	1997	362	115
BBG	dry	5	9	1997	362	115
BBG	dry	5	9	1997	365	127
BBG	dry	5	13	1997	195	62
BBG	dry	5	13	1997	217	63
BBG	dry	5	13	1997	225	168
BBG	dry	5	13	1997	281	172
BBG	dry	5	13	1997	281	172
BBG	dry	5	13	1997	284	154
BBG	dry	5	13	1997	298	172
BBG	dry	5	13	1997	325	168
BBG	dry	5	13	1997	326	172
BBG	dry	5	13	1997	326	172
BBG	dry	5	13	1997	350	175
BBG	dry	5	13	1997	362	175
BBG	dry	5	13	1997	362	175
BBG	dry	5	13	1997	381	43
BBG	dry	5	20	1997	225	38
BBG	dry	5	20	1997	227	38
BBG	dry	5	20	1997	249	166
BBG	dry	5	20	1997	281	168
BBG	dry	5	20	1997	281	168
BBG	dry	5	20	1997	325	168
BBG	dry	5	20	1997	326	168
BBG	dry	5	20	1997	326	168
BBG	dry	5	20	1997	326	168
BBG	dry	5	20	1997	329	94
BBG	dry	5	20	1997	350	159
BBG	dry	5	20	1997	387	159
BBG	dry	5	21	1997	252	168
BBG	dry	5	21	1997	279	155
BBG	dry	5	21	1997	281	83
BBG	dry	5	21	1997	281	168
BBG	dry	5	21	1997	298	168
BBG	dry	5	21	1997	298	168
BBG	dry	5	21	1997	317	168
BBG	dry	5	21	1997	341	150
BBG	dry	5	21	1997	378	172
BBG	dry	5	30	1997	194	150
BBG	dry	5	30	1997	217	127
BBG	dry	5	30	1997	217	150
BBG	dry	5	30	1997	341	150
BBG	dry	5	30	1997	366	150
BBG	dry	5	30	1997	380	154
BBG	dry	6	3	1997	217	150
BBG	dry	6	3	1997	217	150
BBG	dry	6	3	1997	216	150
BBG	dry	6	3	1997	216	154
BBG	dry	6	3	1997	279	150
BBG	dry	6	3	1997	281	44
BBG	dry	6	3	1997	341	150
BBG	dry	6	3	1997	381	44
